51.0216  -0.697858
50.3237  0.086472
50.4102  0.611386
51.0216  1.07316
52.0947  1.57564
53.6704  1.05482
54.7252  0
54.7252  -0.674487
54.0507  1.26171
55.3124  0.09869
55.4111  0.297481
55.7086  0.297481






149.777  -0.793093
148.984  -0.326622
148.657  -0.065054
148.592  0
148.592  2.39878
150.991  -1.87583
149.115  1.60352
150.719  -0.338354
150.38  -0.0674001
150.313  -1.00017
149.313  -0.394381
148.918  -0.394381






-166.258  -0.16854
-166.427  -0.846247
-167.273  -0.340108
-167.613  0.848559
-166.764  0.0845381
-166.68  -0.933097
-167.613  -1.88592
-169.499  1.28861
-168.21  -1.98037
-170.191  0.778019
-169.413  -1.73389
-171.147  -1.73389
